decile_score,recid_count,non_recid_count,total_count,TP,TN,FP,FN
1,213,757,970,2483,0,2795,0
2,205,462,667,2270,757,2038,213
3,207,329,536,2065,1219,1576,418
4,256,324,580,1858,1548,1247,625
5,249,274,523,1602,1872,923,881
6,280,198,478,1353,2146,649,1130
7,277,179,456,1073,2344,451,1410
8,287,110,397,796,2523,272,1687
9,284,110,394,509,2633,162,1974
10,225,52,277,225,2743,52,2258